25
Pasar_Petisah 3.59092 98.66778
Gramedia 3.58442 98.66385
Rahmat_International_Museum 3.57924 98.66734
Sun_Plaza 3.58201 98.67129
Brastagi_Supermarket_Tiara 3.58059 98.6766
Columbia_Asia_Hospital 3.58551 98.67658
Lapangan_Benteng 3.58811 98.67396
Taman_AhmadYani 3.57722 98.67659
Belokan_RotanBaru 3.58857 98.66589
Simpang_RotanBaru_Perpustakaan 3.58644 98.66575
Simpang_Perpustakaan_Mataram 3.58597 98.66449
Simpang_GajahMada_Mataram 3.58442 98.66438
Simpang_GajahMada_Parman 3.58417 98.66687
Simpang_Parman_Glugur 3.58985 98.66891
Simpang_Glugur_Rotan 3.59176 98.66884
Simpang_Gatsu_Glugur 3.59271 98.66893
Simpang_Zainul_Arifin 3.58366 98.67145
Simpang_ImamBonjol_ZainulArifin 3.58367 98.67516
Belokan_Listrik 3.58493 98.67707
Simpang_ImamBonjol_Listrik 3.58615 98.67373
Simpang_ImamBonjol_MaulanaLubis 3.58956 98.67405
Simpang_Parman_Gatsu_MaulanaLubis 3.59143 98.67106
Belokan_MaulanaLubis 3.58982 98.67223
Simpang_Sudirman_Parman 3.57724 98.66678
Belokan_Sudirman 3.5753 98.67011
000 000 000 000 000 000 000 000 339 000 000 000 000 000 145 000 000 000 000 000 000 000 000 000 000
000 000 000 000 000 000 000 000 000 000 000 061 000 000 000 000 000 000 000 000 000 000 000 000 000
000 000 000 000 000 000 000 000 000 000 000 000 557 000 000 000 000 000 000 000 000 000 000 219 000
000 000 000 000 000 000 000 000 000 000 000 000 000 000 000 000 181 000 000 000 000 000 000 000 000
000 000 000 000 000 000 000 373 000 000 000 000 000 000 000 000 000 384 000 000 000 000 000 000 000
000 000 000 000 000 000 000 000 000 000 000 000 000 000 000 000 000 000 091 324 000 000 000 000 000
000 000 000 000 000 000 000 000 000 000 000 000 000 000 000 000 000 000 000 223 161 000 000 000 000
000 000 000 000 373 000 000 000 000 000 000 000 000 000 000 000 000 000 000 000 000 000 000 000 752
339 000 000 000 000 000 000 000 000 234 000 000 000 000 000 000 000 000 000 000 000 000 000 000 000
000 000 000 000 000 000 000 000 234 000 148 000 000 000 000 000 000 000 000 000 000 000 000 000 000
000 000 000 000 000 000 000 000 000 148 000 177 000 000 000 000 000 000 000 000 000 000 000 000 000
000 061 000 000 000 000 000 000 000 000 177 000 276 000 000 000 000 000 000 000 000 000 000 000 000
000 000 557 000 000 000 000 000 000 000 000 276 000 666 000 000 517 000 000 000 000 000 000 000 000
000 000 000 000 000 000 000 000 000 000 000 000 666 000 211 000 000 000 000 000 000 301 000 000 000
145 000 000 000 000 000 000 000 000 000 000 000 000 211 000 114 000 000 000 000 000 000 000 000 000
000 000 000 000 000 000 000 000 000 000 000 000 000 000 114 000 000 000 000 000 000 278 000 000 000
000 000 000 181 000 000 000 000 000 000 000 000 517 000 000 000 000 420 000 000 000 000 000 000 000
000 000 000 000 384 000 000 000 000 000 000 000 000 000 000 000 420 000 255 317 000 000 000 000 000
000 000 000 000 000 091 000 000 000 000 000 000 000 000 000 000 000 255 000 000 000 000 000 000 000
000 000 000 000 000 324 223 000 000 000 000 000 000 000 000 000 000 317 000 000 000 000 000 000 000
000 000 000 000 000 000 161 000 000 000 000 000 000 000 000 000 000 000 000 000 000 000 207 000 000
000 000 000 000 000 000 000 000 000 000 000 000 000 000 000 278 000 000 000 000 000 000 218 000 000
000 000 000 000 000 000 000 000 000 000 000 000 000 000 000 000 000 000 000 000 207 218 000 000 000
000 000 219 000 000 000 000 000 000 000 000 000 000 000 000 000 000 000 000 000 000 000 000 000 427
000 000 000 000 000 000 000 752 000 000 000 000 000 000 000 000 000 000 000 000 000 000 000 427 000